#
# File of star data.
# 
# File format consists of a name followed by a line of positional information.
# Different stars should be separated from each other.
#
# # is recognised as a comment.

DQ Her              
18 07 30.2 +45 51 32. 2000.0
34954.44429  0.1936208964
    0.00001  0.0000000001

EM Cyg              
19 38 40.0 +30 30 27. 2000.0 
50620.982    0.290909
    0.001    0.000001

IP Peg              
23 23 08.7 +18 24 59. 2000.0 
47965.38461  0.15820617
    0.00001  0.00000001

U Gem               
07 55 05.3 +22 00 06. 2000.0
37638.32325  0.1769061911
    0.00001  0.0000000001

HS 0907+1902        
09 07 00.0 +19 02 00. 2000.0
51581.3265   0.175441
    0.0001   0.000001

GD 552              
22 50 39.8 +63 28 38. 2000.0

WD 0101+048
01 03 48.8 +05 04 18. 2000.0

WD 1115+166
11 17 55.4 +16 21 29. 2000.0

WD 1204+450
12 06 48.2 +44 49 51. 2000.0

V1159 Ori
05 28 59.5 -03 33 53. 2000.0
50000.0000 0.062178
    0.0000 0.000001

HT Cas
01 10 13.2 +60 04 36. 2000.0
43727.43723 0.0736472070
    0.00001 0.0000000001

IR Com
12 39 32.0 +21 08 06 2000.0
49485.98193 0.0870386706
    0.00002 0.0000000030

WZ Sge
20 07 36.4 +17 42 15 2000.0
37547.22840 0.0566878460
    0.00010 0.0000000003

CD-61 1208
05 51 48.0 -61 07 00.0 1950

UVO 0653-23
06 53 13.0 -23 28 49.0 1950

KPD0721-0026
07 21 41.0 -00 -26 42.0 1950

EC0946-0929
09 46 08.0 -09 43 07.0 1950

HD80836
09 18 44.0 -45 22 34.0 1950

GD108
09 58 18.0 -07 18 57.0 1950

PG1018-047
10 18 39.0 -04 41 09.0 1950

EC10189-1502
10 21 21.7 -15 17 18.0 2000

EC11349-2753
11 37 29.2 -28 09 44.0 2000

EC12327-1338
12 35 18.7 -13 55 08.0 2000

EC12408-1427
12 43 30.0 -14 43 49.0 2000

EC13047-3049
13 07 31.0 -31 05 02.0 2000

EC13332-1424
13 35 53.4 -14 40 13.0 2000

PG1407-013
14 07 51.0 -01 16 06.0 1950

EC14345-1729
14 37 20.5 -17 42 25.0 1950

PG1439-013
14 39 53.0 -01 20 01.0 1950

EC15103-1557
15 13 10.2 -16 08 21.0 1950

PG1558-007
15 58 39.0 -00 -43 26 1950

HD149382
16 31 45.3 -03 54 40.7 1950

Z Cha
08 07 28.2 -76 32 01 2000
40264.18070 0.074499304
    0.00004 0.000000005

OY Car
10 06 22.43 -70 14 04.9 2000
43993.053958 0.063120918
    0.000006 0.000000002


































